MINOS 5.51: optimal solution found.
10 iterations, objective 1290
x [*,*]
:    0   1    2   3   4   5   6   7   8        9        10    :=
0    0   13   0   0   0   0   0   0   0    0             0
1    0    0   0   7   5   0   0   0   1    0             0
2    0    0   0   0   0   0   0   0   0    0             0
3    0    0   0   0   0   0   0   7   0   -8.47636e-17   0
4    0    0   0   0   0   0   5   0   0    0             0
5    0    0   0   0   0   0   0   0   0    0             0
6    0    0   0   0   0   0   0   0   5    0             0
7    0    0   0   0   0   0   0   0   0    7             0
8    0    0   0   0   0   0   0   0   0    0             6
9    0    0   0   0   0   0   0   0   0    0             7
10   0    0   0   0   0   0   0   0   0    0             0
;

d [*,*]
:    0   1   2        3         4   5        6        7   8        9        10 :=
0    0   0   0    0             0   0   0             0   0    0             0
1    0   0   0    0             0   0   0             0   1    0             0
2    0   0   0    0             0   0   0             0   0    0             0
3    0   0   0    0             0   0   0             0   0   -8.47636e-17   0
4    0   0   0    0             0   0   8.47636e-17   0   0    0             0
5    0   0   0    0             0   0   0             0   0    0             0
6    0   0   0    0             0   0   0             0   0    0             0
7    0   0   0    0             0   0   0             0   0    8.47636e-17   0
8    0   1   0    0             0   0   0             0   0    0             0
9    0   0   0   -8.47636e-17   0   0   0             0   0    0             0
10   0   0   0    0             0   0   0             0   0    0             0
;

